name: snow_api
channels:
  - defaults
  - conda-forge
dependencies:
  - beautifulsoup4=4.12.3=pyha770c72_0
  - brotli-python=1.1.0=py38hd3f51b4_1
  - bzip2=1.0.8=hcfcfb64_5
  - ca-certificates=2024.6.2=h56e8100_0
  - certifi=2024.6.2=pyhd8ed1ab_0
  - charset-normalizer=3.3.2=pyhd8ed1ab_0
  - idna=3.7=pyhd8ed1ab_0
  - libffi=3.4.2=h8ffe710_5
  - libsqlite=3.46.0=h2466b09_0
  - libzlib=1.3.1=h2466b09_1
  - openssl=3.3.1=h2466b09_0
  - pip=24.0=pyhd8ed1ab_0
  - pysocks=1.7.1=pyh0701188_6
  - python=3.8.19=h4de0772_0_cpython
  - python-dotenv=1.0.1=pyhd8ed1ab_0
  - python_abi=3.8=4_cp38
  - requests=2.32.3=pyhd8ed1ab_0
  - setuptools=70.1.0=pyhd8ed1ab_0
  - soupsieve=2.5=pyhd8ed1ab_1
  - tk=8.6.13=h5226925_1
  - ucrt=10.0.22621.0=h57928b3_0
  - urllib3=2.2.2=pyhd8ed1ab_0
  - vc=14.3=h8a93ad2_20
  - vc14_runtime=14.40.33810=ha82c5b3_20
  - vs2015_runtime=14.40.33810=h3bf8584_20
  - wheel=0.43.0=pyhd8ed1ab_1
  - win_inet_pton=1.1.0=pyhd8ed1ab_6
  - xz=5.2.6=h8d14728_0
prefix: C:\Users\320256831\AppData\Local\miniforge3\envs\snow_api
